                e0-e1     e1-e2     e2-e3     e3-e4
word                                               
drive       -0.047035 -0.029984  0.008999  0.000685
drop         0.023583 -0.034183 -0.008846  0.002155
fault       -0.004510  0.000060  0.028541 -0.011195
stroke      -0.045377  0.004283  0.012486  0.000896
thomas       0.027571 -0.003702 -0.018833 -0.001023
baseline     0.004137 -0.002674 -0.000332  0.001013
doubles     -0.024552  0.003482 -0.000588  0.008581
carry        0.005807 -0.043035  0.007761 -0.001153
shot        -0.030507 -0.011527  0.012455  0.004032
lets        -0.011760 -0.017587 -0.015312 -0.006355
spin        -0.029862  0.013218  0.002340 -0.000782
alley       -0.001491  0.001097  0.008840  0.001124
grip        -0.023562 -0.004986  0.006121 -0.005859
serve        0.030944 -0.033492  0.005389 -0.002260
short        0.011552  0.002534  0.010050  0.023883
uber         0.021736 -0.002826 -0.013386  0.000826
let         -0.058615  0.005787 -0.007378  0.009580
hidayat     -0.021769 -0.016480 -0.003102 -0.005069
tumbling     0.009279 -0.027669 -0.000650 -0.003553
flick        0.000831  0.017235 -0.009780 -0.004563
singles     -0.021132  0.021558 -0.012349  0.000063
ace         -0.068276  0.005960 -0.002234  0.000934
string      -0.002314  0.034131 -0.011538 -0.000119
yonex       -0.001233 -0.012972 -0.004983 -0.000327
service     -0.008766  0.024250  0.009663  0.014267
court       -0.006465  0.011507  0.005601  0.017408
referee     -0.006312 -0.016333  0.015010  0.012029
baddy        0.001073 -0.030555 -0.004281 -0.002276
feathers     0.017386  0.007361  0.007083 -0.004997
shuttlecock  0.013080  0.003806  0.031590 -0.000692
feather      0.038372 -0.007627  0.005172  0.000223
rally        0.021558 -0.016770  0.025022  0.021153
saina       -0.030334 -0.004241  0.006572 -0.000472
smash       -0.047715 -0.000320  0.006653  0.003995
deception   -0.028968 -0.018758  0.007414 -0.011548
net         -0.042514  0.025595 -0.000769  0.008273
backcourt   -0.006309 -0.006065 -0.014981  0.001723
racquet     -0.032751  0.019808  0.005920  0.003706
dribble     -0.026874 -0.018982  0.012557 -0.007220