                  e0-e1     e1-e2     e2-e3     e3-e4
word                                                 
sweat         -0.005490  0.030890  0.022923  0.008179
choreo         0.042636 -0.016748 -0.000169  0.008306
disco          0.003412  0.017771  0.050565  0.029077
footloose     -0.023464  0.044775  0.009418  0.007453
sneakers       0.001942  0.013841  0.014910  0.026419
tap            0.009158  0.028910 -0.003299  0.015120
tango          0.022663  0.031079  0.032429  0.019471
dabke          0.008086  0.015052  0.005298 -0.015080
exercise       0.000899 -0.016672 -0.002338 -0.020622
culture        0.017264  0.012039  0.013566  0.022876
dancefloor     0.010160  0.013558  0.028820  0.009461
natyam        -0.015624  0.021484 -0.006859 -0.013329
salsa         -0.005893  0.018079  0.015432  0.004101
therapy        0.036177  0.014302 -0.014782  0.030597
choreography   0.013150  0.031478  0.033538  0.018262
hop            0.009112  0.001694  0.068976  0.056525
music         -0.003657  0.042276  0.057593  0.078979
breakdance     0.018481  0.015733  0.007895  0.004426
rhythm         0.012373  0.013151  0.037627  0.013159
choreographer  0.014636  0.054131  0.004277  0.017331
bellydance     0.021825  0.027342  0.012829  0.004005
stepup        -0.012331 -0.029841 -0.007558  0.010492
lavani         0.015392  0.013069  0.005848 -0.015964
acrobatic      0.020928  0.008148  0.011752 -0.003457
streetdance    0.031597  0.006160  0.022612  0.008892
ballet         0.014947  0.062281  0.028319  0.021207
folkdance      0.066125  0.040520 -0.012344 -0.001674
steps         -0.000828  0.005532  0.003691 -0.006470
kathak        -0.021508  0.024355 -0.007383 -0.004186