                     e0-e1     e1-e2     e2-e3     e3-e4
word                                                    
conditioning     -0.017565 -0.001037 -0.000614  0.004500
hospital          0.046549  0.009565 -0.005907  0.014681
cbt               0.003495 -0.020068  0.001225 -0.001562
medication        0.002958  0.012031  0.001629 -0.001015
ruminates        -0.038312  0.032865  0.008603  0.000661
brooding         -0.001854 -0.002526  0.000345 -0.002864
ect               0.000728  0.032720  0.008575  0.001809
trichotillomania -0.020835  0.006962  0.011081  0.001587
ruminated         0.011784 -0.013552 -0.000282  0.000173
ruminating       -0.017699 -0.007118  0.017671  0.001037
inhibitor         0.013194 -0.018461  0.004595  0.000489
response          0.009508  0.022241  0.001311  0.018692
health           -0.019347  0.016714  0.039688  0.041980
mental           -0.022326  0.043457  0.033630  0.014647
ssri              0.005944  0.005874  0.008914 -0.001978
ocd              -0.007547 -0.005885  0.002260 -0.000361
reinforcement     0.026243  0.002045  0.002043  0.002048
psychosurgery    -0.009091  0.004730  0.001567 -0.002341
antidepressants   0.008811 -0.022737  0.012162 -0.002462
placebo          -0.009250 -0.016610  0.010255 -0.000678
serotonin         0.004635  0.000645 -0.001620  0.004033
ruminate         -0.051711  0.008746  0.007252 -0.001200
sleep            -0.012278  0.015529  0.008537  0.002596
addiction         0.008331  0.009861  0.013704  0.008846
exposure         -0.001987  0.013159  0.028946  0.012049
stimulus          0.028349 -0.008286  0.009328  0.004762
freud             0.019742 -0.019789  0.005001  0.001973