                e0-e1     e1-e2     e2-e3     e3-e4
word                                               
strike       0.002614  0.015845  0.025861  0.016174
twitch      -0.015801  0.028645  0.006959  0.003979
mode         0.025685 -0.001159  0.011811  0.017608
respawn     -0.042160  0.013516  0.009666  0.005993
xbox        -0.018980  0.010538  0.020356  0.006382
weapons      0.009294 -0.011199  0.006750 -0.000603
power        0.016343 -0.008094  0.032322  0.018883
player      -0.038918  0.061882  0.029664  0.013664
rpg          0.050049 -0.010569  0.011656  0.008580
military    -0.015176 -0.005771  0.009955 -0.006229
computer    -0.023643 -0.003396  0.036375  0.011238
unreal       0.007439  0.028643 -0.006100  0.006855
fortnite    -0.008048 -0.008621  0.005525  0.005444
bomb         0.007221  0.031593 -0.006283  0.018409
looking      0.000846 -0.013220  0.012978  0.010983
bots        -0.020521 -0.016934  0.011761  0.005769
map         -0.023964 -0.008049  0.011958  0.007138
team        -0.000550 -0.004745  0.024822  0.019221
features     0.017938  0.020176 -0.011303  0.008370
fps          0.012540 -0.006226  0.011049  0.004372
engine      -0.003331  0.030596  0.008105  0.021810
person       0.043964 -0.004257  0.005657  0.000976
playstation  0.004383  0.010188  0.035943  0.014121
deathmatch  -0.031152  0.019124  0.002035  0.004436
point       -0.032491  0.020083  0.023442  0.027651
terrorist    0.035123 -0.022504  0.033302  0.006427
games       -0.000087  0.022992  0.029362  0.000990
gameplay    -0.009323  0.017547  0.006667  0.005913
multiplayer -0.000803 -0.004996  0.013806  0.002719
space       -0.040415  0.023407  0.022996  0.008718
movement     0.028395  0.023881 -0.017974  0.003638
levels       0.007654  0.019936  0.004236  0.011354
first       -0.014781 -0.021402 -0.002539  0.037185
players      0.001699  0.001517  0.014831  0.011910
frag        -0.003793 -0.005140  0.013010  0.009405
third       -0.008381 -0.023799  0.014425  0.041268
display     -0.056027  0.035963 -0.003269  0.028714
chief       -0.024844 -0.015180 -0.012677 -0.010054
mission      0.049408  0.007240 -0.005426  0.024681
gib         -0.004414 -0.006786  0.002089  0.003093
doom        -0.000718  0.016627  0.011384  0.015788
puzzle      -0.046723 -0.001904  0.014061  0.011281
tournament  -0.032634  0.013739  0.029324  0.026121
enemies     -0.007363 -0.002627  0.006529  0.015876
gun          0.024364  0.010819  0.002929  0.014790
fighting    -0.006770 -0.009828  0.016751  0.007578
precise     -0.019090 -0.003465  0.001844  0.002799
reaction     0.023367 -0.040011  0.014654  0.007942
halo        -0.016073  0.010508  0.027812  0.014092
quake        0.000736  0.007308  0.010608  0.006507
rifle       -0.013352 -0.007311  0.026338  0.007242