                e0-e1     e1-e2     e2-e3     e3-e4
word                                               
drive        0.037283 -0.046550  0.010663  0.012914
drop        -0.014116  0.003535  0.002339  0.002961
fault        0.025429 -0.039463 -0.005934  0.002770
stroke       0.007913 -0.001976  0.001612  0.009301
thomas       0.032315  0.029656 -0.014886 -0.011986
baseline     0.003397 -0.016733  0.009061  0.005247
doubles     -0.009122  0.005022  0.018015  0.027880
carry        0.024380 -0.022305 -0.001387  0.006392
shot         0.002508 -0.011887  0.015107  0.003602
lets        -0.023751 -0.013744  0.002134  0.001945
spin         0.050641 -0.052660  0.011843  0.001020
alley       -0.028445  0.001819 -0.005106  0.001792
grip        -0.008323 -0.013024  0.013098 -0.000696
serve        0.004749 -0.023786 -0.005475 -0.001028
short        0.003032  0.018038  0.013616  0.015102
uber        -0.025462 -0.015259  0.018430  0.000336
let          0.032445 -0.026652  0.020446 -0.002841
hidayat     -0.000919  0.003969 -0.008233 -0.003271
tumbling    -0.019365 -0.000608  0.013173  0.003006
flick        0.030251 -0.003842 -0.005851 -0.004056
singles      0.013484 -0.015070 -0.008000  0.014659
ace          0.006922 -0.026759 -0.009003 -0.001352
string       0.007838  0.009135 -0.000987  0.005457
yonex        0.027140 -0.004171 -0.001471 -0.003108
service      0.039879  0.000914  0.009564  0.018740
court       -0.023500 -0.005854  0.005628  0.004331
referee     -0.026992 -0.018973  0.016922  0.006132
baddy       -0.059942  0.011368 -0.003493 -0.003828
feathers     0.030796 -0.021161  0.020043  0.003004
shuttlecock  0.113724  0.002669  0.026402  0.005825
feather      0.014627  0.007212  0.016402  0.000356
rally        0.002341  0.007077  0.008114  0.012413
saina        0.056985  0.023431  0.013238  0.007118
smash       -0.004141  0.000946  0.010677  0.007577
deception   -0.001772 -0.016295 -0.016425 -0.005700
net         -0.007705  0.006585  0.023157  0.000253
backcourt    0.000484 -0.018232 -0.004971  0.001295
racquet     -0.027016 -0.011722 -0.001562  0.005056
dribble     -0.026693 -0.011431  0.007817  0.001476