                  e0-e1     e1-e2     e2-e3     e3-e4
word                                                 
sweat          0.088255  0.042243  0.011166  0.004578
choreo         0.008036  0.071447  0.008297  0.023007
disco          0.005090  0.053274  0.018494  0.039209
footloose      0.020899  0.004381  0.016302  0.011263
sneakers       0.035244  0.015757  0.012076  0.037689
tap            0.053175  0.038980 -0.002522  0.011691
tango         -0.024690  0.040198  0.033939  0.029286
dabke          0.053146  0.029082  0.004129 -0.004070
exercise       0.007068 -0.003594 -0.014243 -0.024243
culture        0.046203  0.000144  0.004757  0.029212
dancefloor    -0.000984  0.024716  0.020457  0.019583
natyam         0.054670  0.025715 -0.002757  0.004635
salsa          0.010916  0.025975  0.016279  0.018017
therapy       -0.004687  0.016180  0.005486  0.010225
choreography   0.031674  0.021358  0.028268  0.020901
hop            0.027411 -0.004191  0.045149  0.060595
music          0.047419  0.035162  0.029667  0.083947
breakdance     0.047815  0.044937  0.000475  0.009044
rhythm         0.017653  0.025393  0.039897  0.027271
choreographer -0.026955  0.061978  0.010635  0.020441
bellydance     0.035937  0.000463  0.027747  0.015348
stepup         0.006575  0.006128 -0.003745 -0.010116
lavani         0.040313  0.013550 -0.004656  0.002167
acrobatic     -0.036596  0.030961  0.004472  0.014879
streetdance    0.012528  0.006028 -0.000276  0.013599
ballet         0.015851  0.042593  0.030003  0.027855
folkdance      0.065693  0.059908 -0.004877 -0.000763
steps         -0.014135  0.026168 -0.006470 -0.002542
kathak         0.007137  0.010629 -0.021015  0.004216