                     e0-e1     e1-e2     e2-e3     e3-e4
word                                                    
conditioning     -0.021099 -0.008408  0.006282  0.005851
hospital          0.002697  0.019042  0.001796  0.010223
cbt              -0.013015  0.013743  0.002909 -0.001085
medication       -0.003187 -0.015497  0.007408  0.002816
ruminates        -0.027106 -0.001020  0.006534 -0.000315
brooding         -0.008037  0.007934  0.006348  0.001019
ect               0.015887  0.007093  0.003305  0.003607
trichotillomania -0.044488 -0.008216  0.006742 -0.002507
ruminated        -0.012277 -0.001807 -0.015923 -0.000427
ruminating        0.003450 -0.003395  0.004502 -0.001572
inhibitor        -0.009649 -0.003037 -0.004178  0.005381
response          0.004117 -0.002801  0.011825  0.020428
health           -0.009999  0.052312  0.015142  0.042194
mental            0.009793  0.030480  0.033972  0.015974
ssri              0.015144 -0.000532  0.004224  0.001999
ocd              -0.018889 -0.002597  0.000008 -0.001262
reinforcement    -0.010522  0.002806 -0.002710  0.001476
psychosurgery     0.015806 -0.019416 -0.001420  0.002542
antidepressants  -0.023280 -0.010551 -0.001708 -0.001554
placebo          -0.001985 -0.000268  0.006753 -0.000267
serotonin         0.003261 -0.002229 -0.001044 -0.000275
ruminate         -0.028973 -0.007181  0.001223 -0.000175
sleep             0.010468 -0.015491  0.004058  0.004727
addiction        -0.022980  0.016640  0.012510  0.008773
exposure          0.043282 -0.007750  0.009840  0.012574
stimulus          0.000639  0.024548  0.000113  0.015718
freud            -0.035606  0.016199  0.025407  0.000187