                e0-e1     e1-e2     e2-e3     e3-e4
word                                               
strike      -0.007917  0.012388  0.026010  0.010777
twitch      -0.004838  0.022176  0.005411  0.005672
mode        -0.009722  0.021822 -0.007804  0.021635
respawn      0.017169 -0.015676  0.014422  0.010440
xbox         0.032339  0.022756 -0.014646  0.009067
weapons     -0.001475 -0.007772 -0.004381  0.004294
power       -0.036705  0.039997 -0.001491  0.018145
player      -0.037205  0.061451  0.043256  0.012105
rpg          0.003312  0.029112 -0.000392  0.004689
military    -0.017339 -0.005710  0.015463  0.001761
computer    -0.005855  0.020214  0.012021  0.010289
unreal       0.015738 -0.007185 -0.001833  0.003262
fortnite     0.012238 -0.001759  0.002946  0.003368
bomb         0.033527 -0.015892  0.020484  0.019230
looking      0.013285  0.006230 -0.003701 -0.001244
bots         0.005839  0.012133  0.006932  0.011510
map          0.015909 -0.004409  0.006735  0.001128
team        -0.002017 -0.014387  0.052717  0.019451
features    -0.022632 -0.003122  0.007457  0.006463
fps          0.019550  0.010325  0.005495  0.008726
engine      -0.007624  0.012245  0.033388  0.014440
person      -0.023229  0.031798  0.020273 -0.009586
playstation  0.008513  0.013829  0.013218  0.009831
deathmatch  -0.036440  0.000555 -0.003308  0.005283
point        0.017861  0.004714  0.028604  0.021071
terrorist    0.008567  0.006756 -0.002225  0.012447
games        0.003520 -0.000069  0.024567 -0.004420
gameplay    -0.016333  0.030628 -0.000480  0.003853
multiplayer -0.008587  0.002855 -0.004584  0.010269
space        0.019196 -0.018348  0.017394  0.008652
movement    -0.001110  0.005801 -0.003071 -0.002242
levels      -0.051105  0.016625  0.002660  0.020575
first       -0.010439 -0.022218  0.004022  0.036119
players     -0.046905  0.042538  0.009264  0.004986
frag        -0.022335  0.006250 -0.011802  0.009346
third       -0.020431  0.000584  0.048944  0.031084
display      0.001308  0.010260  0.005848  0.018606
chief       -0.049429 -0.014961 -0.004582  0.002998
mission      0.012095 -0.015110  0.008606  0.010467
gib         -0.006362  0.001331  0.007520  0.007040
doom         0.026417  0.026941  0.004096  0.008891
puzzle       0.012542  0.007572  0.005161  0.006226
tournament  -0.017106  0.021024 -0.000118  0.024769
enemies      0.024978 -0.014730  0.011347  0.007647
gun          0.023162  0.017889  0.020913  0.019131
fighting    -0.048388  0.005986 -0.004084  0.014182
precise     -0.019590  0.013297  0.003954  0.008380
reaction    -0.017764 -0.015048  0.001429  0.001294
halo         0.019978  0.020458  0.016181  0.007916
quake       -0.010342  0.005313  0.001318  0.006252
rifle       -0.023633  0.016474  0.020222  0.004133